French Ligue 1,Bastia,Paris Saint-Germain,0.0463,0.838,0.1157
French Ligue 1,AS Monaco,Guingamp,0.5714,0.1669,0.2617
Barclays Premier League,Hull City,Leicester City,0.3459,0.3621,0.2921
Barclays Premier League,Crystal Palace,West Bromwich Albion,0.4214,0.2939,0.2847
Barclays Premier League,Everton,Tottenham Hotspur,0.391,0.3401,0.2689
Barclays Premier League,Middlesbrough,Stoke City,0.438,0.2692,0.2927
Barclays Premier League,Burnley,Swansea City,0.4482,0.2663,0.2854
Barclays Premier League,Southampton,Watford,0.5759,0.1874,0.2367
French Ligue 1,Bordeaux,St Etienne,0.4232,0.2764,0.3004
Barclays Premier League,Manchester City,Sunderland,0.8152,0.0525,0.1323
French Ligue 1,Metz,Lille,0.3444,0.3479,0.3077
French Ligue 1,Caen,Lorient,0.4737,0.2401,0.2862
French Ligue 1,Montpellier,Angers,0.4939,0.2109,0.2952
French Ligue 1,Dijon FCO,Nantes,0.4471,0.249,0.3038
Barclays Premier League,AFC Bournemouth,Manchester United,0.2111,0.5461,0.2428
French Ligue 1,AS Nancy Lorraine,Lyon,0.3584,0.3551,0.2865
Barclays Premier League,Arsenal,Liverpool,0.5551,0.2115,0.2334
French Ligue 1,Nice,Stade Rennes,0.475,0.2298,0.2952
French Ligue 1,Marseille,Toulouse,0.5033,0.2126,0.284
Barclays Premier League,Chelsea,West Ham United,0.6908,0.1177,0.1915
Spanish Primera Division,Málaga,Osasuna,0.5475,0.1897,0.2628
French Ligue 1,Lyon,Caen,0.6106,0.1554,0.234
Barclays Premier League,Manchester United,Southampton,0.6197,0.1494,0.2309
Spanish Primera Division,Deportivo La Coruña,Eibar,0.5003,0.226,0.2738
Barclays Premier League,Stoke City,Manchester City,0.1278,0.672,0.2002
Barclays Premier League,Tottenham Hotspur,Crystal Palace,0.6638,0.119,0.2172
Barclays Premier League,West Bromwich Albion,Everton,0.3696,0.3491,0.2814
Barclays Premier League,Watford,Chelsea,0.1955,0.5783,0.2262
Barclays Premier League,Swansea City,Hull City,0.4993,0.2171,0.2836
Barclays Premier League,Burnley,Liverpool,0.2079,0.552,0.2402
French Ligue 1,Nantes,AS Monaco,0.3297,0.361,0.3092
Italy Serie A,AS Roma,Udinese,0.7204,0.0918,0.1878
Spanish Primera Division,Barcelona,Real Betis,0.9591,0.0071,0.0337
Barclays Premier League,Leicester City,Arsenal,0.2505,0.5056,0.2439
French Ligue 1,Lorient,Bastia,0.4494,0.2507,0.3
French Ligue 1,Stade Rennes,AS Nancy Lorraine,0.4221,0.2762,0.3017
French Ligue 1,Toulouse,Bordeaux,0.4035,0.2985,0.298
French Ligue 1,Angers,Nice,0.4291,0.255,0.3159
French Ligue 1,Lille,Dijon FCO,0.5577,0.1749,0.2674
Spanish Primera Division,Granada,Villarreal,0.3194,0.3917,0.2889
Italy Serie A,Juventus,Fiorentina,0.6808,0.101,0.2182
Spanish Primera Division,Sevilla FC,Espanyol,0.5952,0.176,0.2288
Barclays Premier League,Sunderland,Middlesbrough,0.4393,0.2722,0.2885
French Ligue 1,Guingamp,Marseille,0.4145,0.2853,0.3002
Barclays Premier League,West Ham United,AFC Bournemouth,0.4867,0.2569,0.2564
French Ligue 1,St Etienne,Montpellier,0.5122,0.204,0.2839
Italy Serie A,AC Milan,Torino,0.5185,0.207,0.2745
Spanish Primera Division,Sporting Gijón,Athletic Bilbao,0.3598,0.3534,0.2868
Spanish Primera Division,Real Sociedad,Real Madrid,0.1587,0.6621,0.1792
Italy Serie A,Palermo,Sassuolo,0.4172,0.2941,0.2887
Italy Serie A,Empoli,Sampdoria,0.5049,0.2174,0.2777
Italy Serie A,Atalanta,Lazio,0.3001,0.4177,0.2823
Italy Serie A,US Pescara,Napoli,0.2364,0.5183,0.2452
Italy Serie A,Bologna,Crotone,0.4893,0.2072,0.3034
Italy Serie A,Chievo Verona,Internazionale,0.2611,0.4492,0.2897
Italy Serie A,Genoa,Cagliari,0.442,0.2767,0.2813
French Ligue 1,Paris Saint-Germain,Metz,0.8277,0.0492,0.1231
Spanish Primera Division,Atletico Madrid,Alavés,0.8037,0.0395,0.1568
Spanish Primera Division,Celta Vigo,Leganes,0.5343,0.2096,0.2561
Spanish Primera Division,Valencia,Las Palmas,0.6235,0.1562,0.2202
German Bundesliga,Bayern Munich,Werder Bremen,0.9443,0.0098,0.0459
Spanish Primera Division,Real Betis,Deportivo La Coruña,0.4984,0.2464,0.2552
French Ligue 1,Marseille,Lorient,0.5488,0.1801,0.2711
Spanish Primera Division,Espanyol,Málaga,0.4262,0.302,0.2718
Barclays Premier League,Tottenham Hotspur,Liverpool,0.3967,0.3444,0.2589
German Bundesliga,Eintracht Frankfurt,Schalke 04,0.3667,0.3682,0.2651
German Bundesliga,Borussia Dortmund,Mainz,0.7775,0.0683,0.1543
German Bundesliga,Hamburg SV,FC Ingolstadt 04,0.4735,0.2526,0.2739
German Bundesliga,FC Augsburg,VfL Wolfsburg,0.3472,0.3901,0.2626
German Bundesliga,FC Cologne,SV Darmstadt 98,0.5068,0.2196,0.2736
Barclays Premier League,Southampton,Sunderland,0.5952,0.1609,0.2439
Barclays Premier League,Watford,Arsenal,0.1698,0.6133,0.2169
Barclays Premier League,Everton,Stoke City,0.547,0.1954,0.2575
Barclays Premier League,Crystal Palace,AFC Bournemouth,0.3985,0.3146,0.2869
Barclays Premier League,Chelsea,Burnley,0.7139,0.0914,0.1947
Barclays Premier League,Leicester City,Swansea City,0.5351,0.2056,0.2593
French Ligue 1,Dijon FCO,Lyon,0.2696,0.452,0.2784
Italy Serie A,Lazio,Juventus,0.2327,0.4949,0.2724
Spanish Primera Division,Eibar,Valencia,0.3347,0.395,0.2703
Spanish Primera Division,Osasuna,Real Sociedad,0.3982,0.3152,0.2866
Barclays Premier League,Hull City,Manchester United,0.175,0.5752,0.2498
German Bundesliga,Borussia Monchengladbach,Bayer Leverkusen,0.3691,0.3679,0.263
French Ligue 1,AS Nancy Lorraine,Guingamp,0.4468,0.2594,0.2937
French Ligue 1,Caen,Bastia,0.454,0.2498,0.2962
French Ligue 1,Metz,Angers,0.4607,0.2374,0.3019
French Ligue 1,Montpellier,Stade Rennes,0.4756,0.2305,0.2939
French Ligue 1,Nice,Lille,0.3783,0.3137,0.308
Spanish Primera Division,Real Madrid,Celta Vigo,0.8904,0.0284,0.0812
Italy Serie A,Napoli,AC Milan,0.5484,0.1997,0.2519
Spanish Primera Division,Leganes,Atletico Madrid,0.2069,0.5211,0.2721
Barclays Premier League,West Bromwich Albion,Middlesbrough,0.4596,0.2571,0.2833
French Ligue 1,Bordeaux,Nantes,0.4838,0.2199,0.2964
German Bundesliga,Hertha Berlin,SC Freiburg,0.457,0.2727,0.2703
Barclays Premier League,Manchester City,West Ham United,0.7687,0.078,0.1534
French Ligue 1,St Etienne,Toulouse,0.5067,0.21,0.2833
German Bundesliga,TSG Hoffenheim,RB Leipzig,0.4601,0.2819,0.258
Italy Serie A,Internazionale,Palermo,0.6377,0.1336,0.2287
Spanish Primera Division,Las Palmas,Granada,0.4862,0.2479,0.2659
Spanish Primera Division,Alavés,Sporting Gijón,0.4022,0.3114,0.2864
Spanish Primera Division,Athletic Bilbao,Barcelona,0.1075,0.7445,0.148
Italy Serie A,Udinese,Empoli,0.4002,0.3067,0.2931
French Ligue 1,AS Monaco,Paris Saint-Germain,0.1511,0.6473,0.2016
Italy Serie A,Sampdoria,Atalanta,0.4405,0.2796,0.28
Italy Serie A,Fiorentina,Chievo Verona,0.6188,0.1278,0.2534
Italy Serie A,Cagliari,AS Roma,0.2203,0.5294,0.2503
Italy Serie A,Torino,Bologna,0.5327,0.1848,0.2825
Italy Serie A,Sassuolo,US Pescara,0.509,0.23,0.261
Italy Serie A,Crotone,Genoa,0.3385,0.3681,0.2934
Spanish Primera Division,Villarreal,Sevilla FC,0.4368,0.304,0.2591
German Bundesliga,Schalke 04,Bayern Munich,0.1536,0.6431,0.2032
French Ligue 1,Paris Saint-Germain,St Etienne,0.7657,0.0771,0.1572
Spanish Primera Division,Real Sociedad,Espanyol,0.5073,0.2328,0.2599
Spanish Primera Division,Celta Vigo,Atletico Madrid,0.2343,0.4835,0.2821
Barclays Premier League,Manchester United,Manchester City,0.3845,0.3543,0.2612
German Bundesliga,Bayer Leverkusen,Hamburg SV,0.7262,0.0896,0.1842
German Bundesliga,SC Freiburg,Borussia Monchengladbach,0.3613,0.3814,0.2573
German Bundesliga,SV Darmstadt 98,Eintracht Frankfurt,0.4028,0.3219,0.2753
German Bundesliga,VfL Wolfsburg,FC Cologne,0.5586,0.1917,0.2497
German Bundesliga,FC Ingolstadt 04,Hertha Berlin,0.368,0.3351,0.2969
Barclays Premier League,West Ham United,Watford,0.5151,0.2355,0.2494
Barclays Premier League,Arsenal,Southampton,0.6503,0.1334,0.2163
Spanish Primera Division,Real Madrid,Osasuna,0.9278,0.0132,0.059
Barclays Premier League,Burnley,Hull City,0.4633,0.2357,0.301
Barclays Premier League,AFC Bournemouth,West Bromwich Albion,0.4607,0.2658,0.2735
Barclays Premier League,Stoke City,Tottenham Hotspur,0.2932,0.4274,0.2794
Barclays Premier League,Middlesbrough,Crystal Palace,0.492,0.2184,0.2896
French Ligue 1,Lyon,Bordeaux,0.5688,0.1864,0.2448
Italy Serie A,Juventus,Sassuolo,0.7988,0.04,0.1612
Spanish Primera Division,Málaga,Villarreal,0.3966,0.3068,0.2966
Spanish Primera Division,Sevilla FC,Las Palmas,0.6148,0.1745,0.2107
Barclays Premier League,Liverpool,Leicester City,0.6145,0.1637,0.2218
German Bundesliga,RB Leipzig,Borussia Dortmund,0.2173,0.5479,0.2348
French Ligue 1,Lille,AS Monaco,0.3917,0.3113,0.297
French Ligue 1,Lorient,AS Nancy Lorraine,0.3964,0.3048,0.2988
French Ligue 1,Angers,Dijon FCO,0.4245,0.2694,0.3061
French Ligue 1,Bastia,Toulouse,0.3937,0.2893,0.3169
French Ligue 1,Guingamp,Montpellier,0.4659,0.2449,0.2891
Spanish Primera Division,Barcelona,Alavés,0.9657,0.0059,0.0284
Italy Serie A,Palermo,Napoli,0.2283,0.5137,0.2579
Spanish Primera Division,Sporting Gijón,Leganes,0.468,0.2406,0.2914
Italy Serie A,Bologna,Cagliari,0.3885,0.3105,0.3011
Italy Serie A,AS Roma,Sampdoria,0.7379,0.0823,0.1798
Italy Serie A,AC Milan,Udinese,0.6238,0.1456,0.2307
Italy Serie A,Chievo Verona,Lazio,0.3217,0.3678,0.3105
Italy Serie A,Atalanta,Torino,0.3308,0.3955,0.2737
French Ligue 1,Nantes,Metz,0.4578,0.2328,0.3094
German Bundesliga,Werder Bremen,FC Augsburg,0.4403,0.3002,0.2595
Spanish Primera Division,Valencia,Real Betis,0.535,0.2239,0.241
Barclays Premier League,Swansea City,Chelsea,0.171,0.6033,0.2257
French Ligue 1,Stade Rennes,Caen,0.445,0.2603,0.2947
German Bundesliga,Mainz,TSG Hoffenheim,0.5249,0.2324,0.2427
Spanish Primera Division,Granada,Eibar,0.4421,0.2698,0.2881
Spanish Primera Division,Deportivo La Coruña,Athletic Bilbao,0.3683,0.3433,0.2885
Italy Serie A,US Pescara,Internazionale,0.3043,0.4335,0.2623
French Ligue 1,Nice,Marseille,0.4119,0.2777,0.3104
Italy Serie A,Empoli,Crotone,0.5505,0.1714,0.2781
Barclays Premier League,Sunderland,Everton,0.3385,0.3838,0.2777
UEFA Champions League,PSV,Atletico Madrid,0.2004,0.5349,0.2646
UEFA Champions League,Bayern Munich,Rostov,0.9179,0.0155,0.0666
UEFA Champions League,Dynamo Kiev,Napoli,0.3504,0.3697,0.2799
UEFA Champions League,Paris Saint-Germain,Arsenal,0.4587,0.285,0.2563
UEFA Champions League,Basel,Ludogorets,0.3468,0.3606,0.2926
UEFA Champions League,Barcelona,Celtic,0.8787,0.0398,0.0816
UEFA Champions League,Benfica,Besiktas,0.6938,0.1159,0.1903
UEFA Champions League,Real Madrid,Sporting CP,0.7595,0.0836,0.157
UEFA Champions League,Juventus,Sevilla FC,0.6447,0.1335,0.2217
UEFA Champions League,Club Brugge,Leicester City,0.2386,0.5011,0.2602
UEFA Champions League,Legia Warsaw,Borussia Dortmund,0.1308,0.6709,0.1983
UEFA Champions League,Bayer Leverkusen,CSKA Moscow,0.6903,0.0976,0.2121
UEFA Champions League,FC Porto,FC Copenhagen,0.6866,0.0901,0.2233
UEFA Champions League,Tottenham Hotspur,AS Monaco,0.5607,0.1875,0.2517
UEFA Champions League,Lyon,Dinamo Zagreb,0.5914,0.1645,0.2441
UEFA Champions League,Manchester City,Borussia Monchengladbach,0.6953,0.116,0.1888
German Bundesliga,FC Cologne,SC Freiburg,0.4362,0.2875,0.2763
Italy Serie A,Sampdoria,AC Milan,0.3303,0.3854,0.2843
Spanish Primera Division,Real Betis,Granada,0.5792,0.1819,0.2389
French Ligue 1,Caen,Paris Saint-Germain,0.0852,0.7589,0.156
Barclays Premier League,Chelsea,Liverpool,0.508,0.2532,0.2388
Spanish Primera Division,Leganes,Barcelona,0.0833,0.7867,0.1299
German Bundesliga,Eintracht Frankfurt,Bayer Leverkusen,0.2969,0.4426,0.2606
German Bundesliga,TSG Hoffenheim,VfL Wolfsburg,0.3431,0.4119,0.245
German Bundesliga,Bayern Munich,FC Ingolstadt 04,0.9293,0.0127,0.058
German Bundesliga,Borussia Dortmund,SV Darmstadt 98,0.8799,0.0227,0.0974
German Bundesliga,Hamburg SV,RB Leipzig,0.3882,0.3311,0.2806
Barclays Premier League,Leicester City,Burnley,0.5477,0.19,0.2623
Barclays Premier League,Hull City,Arsenal,0.1705,0.5894,0.2401
Barclays Premier League,West Bromwich Albion,West Ham United,0.4235,0.3021,0.2744
Barclays Premier League,Manchester City,AFC Bournemouth,0.8085,0.06,0.1315
Spanish Primera Division,Atletico Madrid,Sporting Gijón,0.7578,0.0518,0.1903
French Ligue 1,AS Monaco,Stade Rennes,0.6116,0.1395,0.249
Italy Serie A,Lazio,US Pescara,0.5794,0.1814,0.2392
Spanish Primera Division,Eibar,Sevilla FC,0.3021,0.4333,0.2646
Barclays Premier League,Everton,Middlesbrough,0.5906,0.1605,0.2489
German Bundesliga,Borussia Monchengladbach,Werder Bremen,0.591,0.1894,0.2196
French Ligue 1,Toulouse,Guingamp,0.4495,0.2519,0.2986
French Ligue 1,Bordeaux,Angers,0.5295,0.1911,0.2794
French Ligue 1,AS Nancy Lorraine,Nantes,0.4668,0.222,0.3112
French Ligue 1,Lorient,Lille,0.3203,0.3833,0.2965
French Ligue 1,Dijon FCO,Metz,0.4319,0.2801,0.288
Spanish Primera Division,Las Palmas,Málaga,0.4373,0.2963,0.2663
Italy Serie A,Napoli,Bologna,0.7714,0.0588,0.1698
Spanish Primera Division,Osasuna,Celta Vigo,0.4168,0.3053,0.2778
Italy Serie A,Udinese,Chievo Verona,0.4261,0.2634,0.3106
Barclays Premier League,Watford,Manchester United,0.2007,0.5667,0.2326
Italy Serie A,Crotone,Palermo,0.373,0.3222,0.3047
Italy Serie A,Cagliari,Atalanta,0.4488,0.2765,0.2747
Italy Serie A,Torino,Empoli,0.5419,0.193,0.2651
Italy Serie A,Sassuolo,Genoa,0.4017,0.3182,0.2801
French Ligue 1,Montpellier,Nice,0.4657,0.2387,0.2957
Barclays Premier League,Southampton,Swansea City,0.5339,0.2071,0.2591
Barclays Premier League,Crystal Palace,Stoke City,0.4505,0.2622,0.2872
German Bundesliga,FC Augsburg,Mainz,0.4291,0.2999,0.271
Spanish Primera Division,Athletic Bilbao,Valencia,0.4731,0.2618,0.2651
French Ligue 1,St Etienne,Bastia,0.5328,0.1801,0.2871
Barclays Premier League,Tottenham Hotspur,Sunderland,0.656,0.1278,0.2161
German Bundesliga,Hertha Berlin,Schalke 04,0.4791,0.2443,0.2767
Italy Serie A,Internazionale,Juventus,0.2486,0.4689,0.2825
Spanish Primera Division,Villarreal,Real Sociedad,0.5095,0.208,0.2825
Spanish Primera Division,Espanyol,Real Madrid,0.1446,0.6889,0.1664
Italy Serie A,Fiorentina,AS Roma,0.351,0.3814,0.2676
French Ligue 1,Marseille,Lyon,0.3702,0.3502,0.2796
Spanish Primera Division,Alavés,Deportivo La Coruña,0.444,0.27,0.286
French Ligue 1,Lille,Toulouse,0.4686,0.2327,0.2986
German Bundesliga,SC Freiburg,Hamburg SV,0.5745,0.192,0.2334
German Bundesliga,SV Darmstadt 98,TSG Hoffenheim,0.3653,0.3758,0.2589
Spanish Primera Division,Málaga,Eibar,0.5244,0.2007,0.275
German Bundesliga,FC Ingolstadt 04,Eintracht Frankfurt,0.4217,0.2982,0.2801
German Bundesliga,VfL Wolfsburg,Borussia Dortmund,0.2541,0.5032,0.2427
Italy Serie A,AC Milan,Lazio,0.4322,0.2851,0.2827
French Ligue 1,Paris Saint-Germain,Dijon FCO,0.8514,0.042,0.1066
Spanish Primera Division,Sevilla FC,Real Betis,0.5763,0.1987,0.225
Italy Serie A,Bologna,Sampdoria,0.4106,0.2846,0.3048
French Ligue 1,Guingamp,Lorient,0.5334,0.1921,0.2745
French Ligue 1,Lyon,Montpellier,0.5737,0.1721,0.2542
French Ligue 1,Nice,AS Monaco,0.2846,0.428,0.2873
French Ligue 1,Metz,Bordeaux,0.4186,0.2895,0.2919
French Ligue 1,Nantes,St Etienne,0.3508,0.3273,0.3219
French Ligue 1,Angers,Caen,0.4601,0.2403,0.2995
French Ligue 1,Bastia,AS Nancy Lorraine,0.4288,0.2599,0.3113
Spanish Primera Division,Real Madrid,Villarreal,0.7775,0.0744,0.1481
German Bundesliga,Bayer Leverkusen,FC Augsburg,0.6801,0.1174,0.2025
German Bundesliga,RB Leipzig,Borussia Monchengladbach,0.4052,0.3275,0.2673
German Bundesliga,Schalke 04,FC Cologne,0.4355,0.2783,0.2862
German Bundesliga,Bayern Munich,Hertha Berlin,0.8704,0.0246,0.1049
Spanish Primera Division,Celta Vigo,Sporting Gijón,0.4844,0.2407,0.2749
German Bundesliga,Werder Bremen,Mainz,0.3629,0.3877,0.2494
Italy Serie A,AS Roma,Crotone,0.8208,0.0422,0.1369
Italy Serie A,Udinese,Fiorentina,0.2709,0.4515,0.2776
Italy Serie A,Atalanta,Palermo,0.4684,0.2476,0.284
Italy Serie A,Empoli,Internazionale,0.2897,0.4206,0.2897
Italy Serie A,Juventus,Cagliari,0.8095,0.0391,0.1514
Italy Serie A,Genoa,Napoli,0.2326,0.5181,0.2492
Italy Serie A,Chievo Verona,Sassuolo,0.4145,0.2771,0.3084
Italy Serie A,US Pescara,Torino,0.3509,0.3788,0.2703
French Ligue 1,Stade Rennes,Marseille,0.4017,0.2875,0.3108
Spanish Primera Division,Granada,Athletic Bilbao,0.3173,0.3983,0.2844
Spanish Primera Division,Barcelona,Atletico Madrid,0.6809,0.1235,0.1955
Spanish Primera Division,Real Sociedad,Las Palmas,0.515,0.2267,0.2583
Spanish Primera Division,Osasuna,Espanyol,0.4094,0.3073,0.2833
Spanish Primera Division,Deportivo La Coruña,Leganes,0.4499,0.2585,0.2916
Spanish Primera Division,Valencia,Alavés,0.5795,0.1811,0.2395
German Bundesliga,Borussia Dortmund,SC Freiburg,0.8654,0.0331,0.1015
Spanish Primera Division,Real Betis,Málaga,0.4775,0.2584,0.2641
French Ligue 1,Toulouse,Paris Saint-Germain,0.0903,0.7452,0.1644
Spanish Primera Division,Eibar,Real Sociedad,0.3583,0.3526,0.289
Barclays Premier League,Manchester United,Leicester City,0.6165,0.1536,0.2298
German Bundesliga,FC Augsburg,SV Darmstadt 98,0.5155,0.2138,0.2706
German Bundesliga,Hamburg SV,Bayern Munich,0.1315,0.6866,0.1818
German Bundesliga,Mainz,Bayer Leverkusen,0.3474,0.3906,0.262
German Bundesliga,Borussia Monchengladbach,FC Ingolstadt 04,0.5962,0.167,0.2369
German Bundesliga,Eintracht Frankfurt,Hertha Berlin,0.4149,0.2915,0.2935
Barclays Premier League,Stoke City,West Bromwich Albion,0.4198,0.2998,0.2804
Barclays Premier League,Sunderland,Crystal Palace,0.4314,0.2844,0.2841
Barclays Premier League,AFC Bournemouth,Everton,0.306,0.425,0.269
Barclays Premier League,Swansea City,Manchester City,0.0688,0.7915,0.1397
Barclays Premier League,Middlesbrough,Tottenham Hotspur,0.2622,0.4619,0.2759
Barclays Premier League,Liverpool,Hull City,0.7404,0.0832,0.1765
Spanish Primera Division,Sporting Gijón,Barcelona,0.081,0.7933,0.1256
French Ligue 1,Lorient,Lyon,0.2309,0.5076,0.2615
Italy Serie A,Palermo,Juventus,0.145,0.6061,0.2489
Barclays Premier League,Arsenal,Chelsea,0.4983,0.2563,0.2453
Spanish Primera Division,Athletic Bilbao,Sevilla FC,0.4316,0.2946,0.2738
German Bundesliga,Werder Bremen,VfL Wolfsburg,0.2913,0.4673,0.2414
French Ligue 1,AS Monaco,Angers,0.6129,0.1358,0.2514
French Ligue 1,Montpellier,Metz,0.465,0.2423,0.2927
French Ligue 1,Bastia,Guingamp,0.4051,0.2808,0.3141
French Ligue 1,Dijon FCO,Stade Rennes,0.4381,0.2626,0.2993
French Ligue 1,Bordeaux,Caen,0.5498,0.1895,0.2607
Spanish Primera Division,Las Palmas,Real Madrid,0.1296,0.7125,0.1579
Italy Serie A,Napoli,Chievo Verona,0.7024,0.0842,0.2133
Spanish Primera Division,Leganes,Valencia,0.3967,0.3353,0.2681
Italy Serie A,Torino,AS Roma,0.2931,0.4406,0.2663
Italy Serie A,Lazio,Empoli,0.584,0.1537,0.2622
Italy Serie A,Genoa,US Pescara,0.5047,0.2335,0.2618
Italy Serie A,Sassuolo,Udinese,0.5312,0.2061,0.2627
Italy Serie A,Internazionale,Bologna,0.687,0.0973,0.2157
French Ligue 1,St Etienne,Lille,0.481,0.2231,0.2958
German Bundesliga,TSG Hoffenheim,Schalke 04,0.4344,0.3144,0.2512
Spanish Primera Division,Atletico Madrid,Deportivo La Coruña,0.7938,0.0417,0.1645
Barclays Premier League,West Ham United,Southampton,0.39,0.3417,0.2683
French Ligue 1,AS Nancy Lorraine,Nice,0.3929,0.302,0.3051
German Bundesliga,FC Cologne,RB Leipzig,0.4581,0.256,0.2859
Spanish Primera Division,Villarreal,Osasuna,0.6416,0.1187,0.2396
Spanish Primera Division,Espanyol,Celta Vigo,0.4304,0.296,0.2736
Italy Serie A,Fiorentina,AC Milan,0.4498,0.2669,0.2833
French Ligue 1,Marseille,Nantes,0.4792,0.2152,0.3056
Italy Serie A,Crotone,Atalanta,0.3596,0.3441,0.2963
Spanish Primera Division,Alavés,Granada,0.4854,0.2376,0.277
Italy Serie A,Cagliari,Sampdoria,0.468,0.2516,0.2805
Barclays Premier League,Burnley,Watford,0.3845,0.3389,0.2766
UEFA Champions League,Sevilla FC,Lyon,0.5404,0.2141,0.2455
UEFA Champions League,CSKA Moscow,Tottenham Hotspur,0.2658,0.4556,0.2786
UEFA Champions League,Dinamo Zagreb,Juventus,0.1474,0.6089,0.2438
UEFA Champions League,FC Copenhagen,Club Brugge,0.5507,0.1744,0.2749
UEFA Champions League,AS Monaco,Bayer Leverkusen,0.3867,0.3441,0.2692
UEFA Champions League,Borussia Dortmund,Real Madrid,0.4565,0.3137,0.2298
UEFA Champions League,Sporting CP,Legia Warsaw,0.7166,0.083,0.2003
UEFA Champions League,Leicester City,FC Porto,0.5039,0.2319,0.2642
UEFA Champions League,Rostov,PSV,0.3092,0.4264,0.2644
UEFA Champions League,Napoli,Benfica,0.6299,0.1445,0.2256
UEFA Champions League,Ludogorets,Paris Saint-Germain,0.2566,0.4619,0.2815
UEFA Champions League,Arsenal,Basel,0.8317,0.0461,0.1222
UEFA Champions League,Celtic,Manchester City,0.1528,0.6718,0.1755
UEFA Champions League,Besiktas,Dynamo Kiev,0.2439,0.4992,0.2569
UEFA Champions League,Atletico Madrid,Bayern Munich,0.3653,0.344,0.2907
UEFA Champions League,Borussia Monchengladbach,Barcelona,0.1208,0.7171,0.1621
German Bundesliga,RB Leipzig,FC Augsburg,0.5152,0.2097,0.2751
French Ligue 1,Stade Rennes,Guingamp,0.4209,0.276,0.3031
Spanish Primera Division,Real Sociedad,Real Betis,0.4846,0.2514,0.2639
Barclays Premier League,Everton,Crystal Palace,0.5911,0.1656,0.2433
Spanish Primera Division,Granada,Leganes,0.3924,0.3243,0.2833
Barclays Premier League,Swansea City,Liverpool,0.1616,0.634,0.2044
German Bundesliga,FC Ingolstadt 04,TSG Hoffenheim,0.4099,0.3242,0.266
German Bundesliga,SC Freiburg,Eintracht Frankfurt,0.4697,0.2736,0.2567
German Bundesliga,SV Darmstadt 98,Werder Bremen,0.3994,0.3364,0.2641
German Bundesliga,Hertha Berlin,Hamburg SV,0.5848,0.1619,0.2532
German Bundesliga,Bayern Munich,FC Cologne,0.8767,0.0233,0.1
Barclays Premier League,Watford,AFC Bournemouth,0.4891,0.2536,0.2573
Barclays Premier League,Sunderland,West Bromwich Albion,0.4174,0.3028,0.2798
Barclays Premier League,West Ham United,Middlesbrough,0.5018,0.2363,0.2619
Barclays Premier League,Hull City,Chelsea,0.1539,0.6221,0.224
Spanish Primera Division,Sevilla FC,Alavés,0.6252,0.1472,0.2275
French Ligue 1,Paris Saint-Germain,Bordeaux,0.7923,0.067,0.1407
Italy Serie A,US Pescara,Chievo Verona,0.4132,0.283,0.3038
German Bundesliga,Bayer Leverkusen,Borussia Dortmund,0.2954,0.4608,0.2438
Spanish Primera Division,Osasuna,Las Palmas,0.4152,0.3156,0.2693
French Ligue 1,Dijon FCO,Montpellier,0.4511,0.2548,0.2941
French Ligue 1,Lille,AS Nancy Lorraine,0.4996,0.2072,0.2933
French Ligue 1,Metz,AS Monaco,0.3078,0.4028,0.2893
French Ligue 1,Caen,Toulouse,0.3619,0.3342,0.3039
French Ligue 1,Nantes,Bastia,0.4457,0.2261,0.3282
Italy Serie A,Udinese,Lazio,0.2896,0.4323,0.2782
Spanish Primera Division,Deportivo La Coruña,Sporting Gijón,0.446,0.2642,0.2898
Spanish Primera Division,Valencia,Atletico Madrid,0.2185,0.5228,0.2587
Italy Serie A,Empoli,Juventus,0.1437,0.5953,0.261
Barclays Premier League,Manchester United,Stoke City,0.73,0.0876,0.1823
Italy Serie A,Sampdoria,Palermo,0.4413,0.2566,0.3021
Italy Serie A,Bologna,Genoa,0.3941,0.3016,0.3043
Italy Serie A,Cagliari,Crotone,0.573,0.1695,0.2575
Italy Serie A,Atalanta,Napoli,0.2097,0.5427,0.2476
French Ligue 1,Angers,Marseille,0.4162,0.2782,0.3056
Barclays Premier League,Leicester City,Southampton,0.4395,0.2821,0.2784
Barclays Premier League,Tottenham Hotspur,Manchester City,0.2359,0.5285,0.2356
German Bundesliga,VfL Wolfsburg,Mainz,0.5512,0.2116,0.2372
Spanish Primera Division,Real Madrid,Eibar,0.8899,0.0259,0.0843
French Ligue 1,Nice,Lorient,0.5293,0.1922,0.2786
German Bundesliga,Schalke 04,Borussia Monchengladbach,0.3749,0.3571,0.2679
Barclays Premier League,Burnley,Arsenal,0.1284,0.6628,0.2088
Italy Serie A,AC Milan,Sassuolo,0.5535,0.1792,0.2672
Italy Serie A,Torino,Fiorentina,0.4197,0.2942,0.2861
Spanish Primera Division,Málaga,Athletic Bilbao,0.3881,0.319,0.2929
Spanish Primera Division,Espanyol,Villarreal,0.352,0.3628,0.2851
Spanish Primera Division,Celta Vigo,Barcelona,0.0909,0.7725,0.1367
Italy Serie A,AS Roma,Internazionale,0.4968,0.2525,0.2508
French Ligue 1,Lyon,St Etienne,0.5139,0.2152,0.271
French Ligue 1,Toulouse,AS Monaco,0.3118,0.3998,0.2884
German Bundesliga,Borussia Dortmund,Hertha Berlin,0.7901,0.0584,0.1516
French Ligue 1,Nice,Lyon,0.3504,0.3657,0.2839
Spanish Primera Division,Las Palmas,Espanyol,0.4734,0.2653,0.2612
Spanish Primera Division,Leganes,Sevilla FC,0.3428,0.3828,0.2745
Barclays Premier League,Chelsea,Leicester City,0.6441,0.1367,0.2192
Italy Serie A,Napoli,AS Roma,0.4892,0.2575,0.2533
German Bundesliga,FC Augsburg,Schalke 04,0.3822,0.338,0.2798
German Bundesliga,TSG Hoffenheim,SC Freiburg,0.4397,0.312,0.2482
German Bundesliga,Borussia Monchengladbach,Hamburg SV,0.6211,0.1515,0.2275
German Bundesliga,Eintracht Frankfurt,Bayern Munich,0.1491,0.646,0.2049
German Bundesliga,FC Cologne,FC Ingolstadt 04,0.5658,0.1708,0.2634
Barclays Premier League,Stoke City,Sunderland,0.4744,0.2525,0.2731
Barclays Premier League,Arsenal,Swansea City,0.7816,0.0671,0.1513
Barclays Premier League,Manchester City,Everton,0.7338,0.0949,0.1713
Barclays Premier League,West Bromwich Albion,Tottenham Hotspur,0.2427,0.4903,0.267
Barclays Premier League,AFC Bournemouth,Hull City,0.5258,0.2039,0.2703
Spanish Primera Division,Barcelona,Deportivo La Coruña,0.9558,0.0078,0.0365
French Ligue 1,AS Nancy Lorraine,Paris Saint-Germain,0.0639,0.7912,0.1449
Italy Serie A,US Pescara,Sampdoria,0.4329,0.2836,0.2835
Spanish Primera Division,Atletico Madrid,Granada,0.8439,0.0307,0.1254
Barclays Premier League,Crystal Palace,West Ham United,0.4559,0.2806,0.2636
German Bundesliga,Werder Bremen,Bayer Leverkusen,0.2449,0.522,0.233
French Ligue 1,Montpellier,Caen,0.473,0.2385,0.2886
French Ligue 1,Bastia,Angers,0.4189,0.2524,0.3287
French Ligue 1,Lorient,Nantes,0.4046,0.2762,0.3191
French Ligue 1,Guingamp,Lille,0.4073,0.2874,0.3053
Spanish Primera Division,Real Betis,Real Madrid,0.1585,0.6609,0.1806
Italy Serie A,Juventus,Udinese,0.8759,0.022,0.1021
Spanish Primera Division,Alavés,Málaga,0.395,0.3144,0.2905
Italy Serie A,Fiorentina,Atalanta,0.5883,0.1593,0.2525
Barclays Premier League,Middlesbrough,Watford,0.3999,0.3233,0.2769
Italy Serie A,Lazio,Bologna,0.6339,0.1216,0.2445
French Ligue 1,Stade Rennes,Bordeaux,0.3851,0.3093,0.3056
Italy Serie A,Genoa,Empoli,0.5185,0.1937,0.2878
Italy Serie A,Sassuolo,Crotone,0.6207,0.1384,0.2409
Italy Serie A,Internazionale,Cagliari,0.6778,0.1141,0.2081
German Bundesliga,Mainz,SV Darmstadt 98,0.618,0.1512,0.2308
Spanish Primera Division,Athletic Bilbao,Real Sociedad,0.4981,0.2259,0.2759
French Ligue 1,St Etienne,Dijon FCO,0.5411,0.1861,0.2728
Barclays Premier League,Southampton,Burnley,0.5977,0.1424,0.2598
German Bundesliga,VfL Wolfsburg,RB Leipzig,0.5026,0.2328,0.2645
Spanish Primera Division,Sporting Gijón,Valencia,0.3828,0.3483,0.2689
Italy Serie A,Chievo Verona,AC Milan,0.3604,0.3239,0.3158
Spanish Primera Division,Villarreal,Celta Vigo,0.5149,0.2121,0.2731
French Ligue 1,Marseille,Metz,0.5297,0.1968,0.2736
Spanish Primera Division,Eibar,Osasuna,0.5033,0.2193,0.2774
Italy Serie A,Palermo,Torino,0.3199,0.3831,0.297
Barclays Premier League,Liverpool,Manchester United,0.4737,0.2815,0.2448
UEFA Champions League,Real Madrid,Legia Warsaw,0.9117,0.0212,0.0671
UEFA Champions League,Lyon,Juventus,0.2176,0.5206,0.2618
UEFA Champions League,Sporting CP,Borussia Dortmund,0.3053,0.4249,0.2698
UEFA Champions League,Bayer Leverkusen,Tottenham Hotspur,0.4556,0.273,0.2714
UEFA Champions League,Club Brugge,FC Porto,0.1909,0.5586,0.2505
UEFA Champions League,Dinamo Zagreb,Sevilla FC,0.2649,0.4709,0.2642
UEFA Champions League,CSKA Moscow,AS Monaco,0.3366,0.3763,0.2871
UEFA Champions League,Leicester City,FC Copenhagen,0.666,0.1034,0.2306
UEFA Champions League,Rostov,Atletico Madrid,0.0942,0.7175,0.1882
UEFA Champions League,Napoli,Besiktas,0.7762,0.0681,0.1557
UEFA Champions League,Arsenal,Ludogorets,0.748,0.0694,0.1826
UEFA Champions League,Paris Saint-Germain,Basel,0.8132,0.0528,0.134
UEFA Champions League,Barcelona,Manchester City,0.6421,0.1717,0.1862
UEFA Champions League,Celtic,Borussia Monchengladbach,0.439,0.3199,0.241
UEFA Champions League,Dynamo Kiev,Benfica,0.4915,0.2327,0.2757
UEFA Champions League,Bayern Munich,PSV,0.8444,0.0391,0.1164
German Bundesliga,Hamburg SV,Eintracht Frankfurt,0.3337,0.3893,0.277
French Ligue 1,AS Monaco,Montpellier,0.623,0.1459,0.2311
Spanish Primera Division,Osasuna,Real Betis,0.4049,0.3255,0.2695
Spanish Primera Division,Espanyol,Eibar,0.4886,0.2294,0.282
Barclays Premier League,AFC Bournemouth,Tottenham Hotspur,0.2779,0.454,0.2681
German Bundesliga,Bayer Leverkusen,TSG Hoffenheim,0.661,0.1387,0.2004
German Bundesliga,Hertha Berlin,FC Cologne,0.447,0.2618,0.2912
German Bundesliga,FC Ingolstadt 04,Borussia Dortmund,0.1807,0.6022,0.2171
German Bundesliga,SC Freiburg,FC Augsburg,0.4921,0.2375,0.2704
German Bundesliga,SV Darmstadt 98,VfL Wolfsburg,0.2851,0.4467,0.2682
Barclays Premier League,Swansea City,Watford,0.4466,0.2948,0.2586
Barclays Premier League,Hull City,Stoke City,0.3652,0.3459,0.2889
Barclays Premier League,Leicester City,Crystal Palace,0.5129,0.2144,0.2728
Barclays Premier League,Burnley,Everton,0.2941,0.4196,0.2863
Barclays Premier League,West Ham United,Sunderland,0.5369,0.2142,0.249
Barclays Premier League,Arsenal,Middlesbrough,0.7914,0.0595,0.1491
Spanish Primera Division,Valencia,Barcelona,0.0919,0.7851,0.1229
French Ligue 1,Lyon,Guingamp,0.5552,0.1807,0.2642
Italy Serie A,Sampdoria,Genoa,0.3991,0.2996,0.3014
German Bundesliga,Bayern Munich,Borussia Monchengladbach,0.8819,0.0223,0.0959
Spanish Primera Division,Real Sociedad,Alavés,0.5559,0.1858,0.2583
Barclays Premier League,Liverpool,West Bromwich Albion,0.7223,0.0976,0.1801
French Ligue 1,Bordeaux,AS Nancy Lorraine,0.5015,0.2021,0.2964
French Ligue 1,Lille,Bastia,0.5035,0.1947,0.3018
French Ligue 1,Dijon FCO,Lorient,0.4889,0.227,0.284
French Ligue 1,Nantes,Stade Rennes,0.4558,0.23,0.3142
French Ligue 1,Angers,Toulouse,0.386,0.2986,0.3154
Italy Serie A,AC Milan,Juventus,0.2101,0.514,0.2759
Spanish Primera Division,Granada,Sporting Gijón,0.4073,0.3103,0.2825
Spanish Primera Division,Celta Vigo,Deportivo La Coruña,0.5184,0.2167,0.2649
Italy Serie A,Udinese,US Pescara,0.4452,0.2775,0.2772
Barclays Premier League,Manchester City,Southampton,0.7119,0.1044,0.1837
Italy Serie A,Empoli,Chievo Verona,0.3856,0.2752,0.3392
Italy Serie A,Cagliari,Fiorentina,0.3422,0.3675,0.2903
Italy Serie A,Atalanta,Internazionale,0.3027,0.4188,0.2785
Italy Serie A,Torino,Lazio,0.4038,0.3199,0.2763
Italy Serie A,Crotone,Napoli,0.169,0.5958,0.2352
French Ligue 1,Caen,St Etienne,0.3803,0.3175,0.3021
German Bundesliga,RB Leipzig,Werder Bremen,0.5814,0.1835,0.2351
Spanish Primera Division,Sevilla FC,Atletico Madrid,0.2387,0.492,0.2693
French Ligue 1,Metz,Nice,0.3644,0.3353,0.3003
Barclays Premier League,Chelsea,Manchester United,0.4996,0.2397,0.2607
German Bundesliga,Schalke 04,Mainz,0.4792,0.2651,0.2557
Italy Serie A,Bologna,Sassuolo,0.371,0.3268,0.3022
Spanish Primera Division,Villarreal,Las Palmas,0.61,0.1535,0.2365
Spanish Primera Division,Málaga,Leganes,0.4832,0.2343,0.2824
Spanish Primera Division,Real Madrid,Athletic Bilbao,0.8162,0.0608,0.123
Italy Serie A,AS Roma,Palermo,0.7749,0.0649,0.1602
French Ligue 1,Paris Saint-Germain,Marseille,0.7961,0.0626,0.1413
Italy Serie A,Genoa,AC Milan,0.3308,0.3748,0.2944
Italy Serie A,Juventus,Sampdoria,0.8346,0.0302,0.1353
Italy Serie A,Internazionale,Torino,0.5057,0.2363,0.258
Italy Serie A,Fiorentina,Crotone,0.7174,0.0836,0.199
Italy Serie A,Lazio,Cagliari,0.6263,0.1494,0.2244
Italy Serie A,Chievo Verona,Bologna,0.4926,0.1873,0.3201
Italy Serie A,Napoli,Empoli,0.7208,0.0756,0.2035
Italy Serie A,Sassuolo,AS Roma,0.2574,0.495,0.2476
Italy Serie A,US Pescara,Atalanta,0.3725,0.3414,0.2861
Italy Serie A,Palermo,Udinese,0.4158,0.2907,0.2935
German Bundesliga,Borussia Monchengladbach,Eintracht Frankfurt,0.4749,0.2586,0.2666
French Ligue 1,Lille,Paris Saint-Germain,0.1186,0.6856,0.1958
Spanish Primera Division,Leganes,Real Sociedad,0.3679,0.3502,0.2819
Spanish Primera Division,Sporting Gijón,Sevilla FC,0.2997,0.4283,0.272
Barclays Premier League,Sunderland,Arsenal,0.088,0.7482,0.1638
German Bundesliga,VfL Wolfsburg,Bayer Leverkusen,0.3671,0.3642,0.2687
German Bundesliga,SV Darmstadt 98,RB Leipzig,0.3034,0.4174,0.2792
German Bundesliga,Mainz,FC Ingolstadt 04,0.5239,0.2254,0.2506
German Bundesliga,Werder Bremen,SC Freiburg,0.3939,0.3562,0.2499
German Bundesliga,FC Augsburg,Bayern Munich,0.1471,0.6445,0.2085
Barclays Premier League,Tottenham Hotspur,Leicester City,0.5991,0.1528,0.248
Barclays Premier League,Middlesbrough,AFC Bournemouth,0.4137,0.2922,0.2941
Barclays Premier League,West Bromwich Albion,Manchester City,0.1021,0.7235,0.1744
Barclays Premier League,Watford,Hull City,0.5964,0.162,0.2416
Barclays Premier League,Manchester United,Burnley,0.7153,0.0881,0.1966
Spanish Primera Division,Alavés,Real Madrid,0.1161,0.73,0.1539
French Ligue 1,Toulouse,Lyon,0.4178,0.2885,0.2937
Italy Serie A,Bologna,Fiorentina,0.291,0.4054,0.3036
Barclays Premier League,Crystal Palace,Liverpool,0.1835,0.5938,0.2227
Spanish Primera Division,Atletico Madrid,Málaga,0.7747,0.0474,0.1779
German Bundesliga,Borussia Dortmund,Schalke 04,0.7643,0.0798,0.1559
French Ligue 1,St Etienne,AS Monaco,0.3341,0.3826,0.2834
French Ligue 1,Bastia,Dijon FCO,0.427,0.2654,0.3076
French Ligue 1,AS Nancy Lorraine,Caen,0.4768,0.2222,0.3009
French Ligue 1,Guingamp,Angers,0.46,0.2325,0.3075
French Ligue 1,Lorient,Montpellier,0.404,0.3036,0.2925
Italy Serie A,Juventus,Napoli,0.6471,0.1203,0.2326
Spanish Primera Division,Barcelona,Granada,0.9775,0.0037,0.0188
Spanish Primera Division,Eibar,Villarreal,0.3043,0.4092,0.2865
Italy Serie A,Atalanta,Genoa,0.4295,0.2704,0.3001
Barclays Premier League,Everton,West Ham United,0.5554,0.1985,0.2461
Italy Serie A,Empoli,AS Roma,0.1874,0.5617,0.2509
Italy Serie A,AC Milan,US Pescara,0.6581,0.1195,0.2224
Italy Serie A,Crotone,Chievo Verona,0.3177,0.3593,0.323
Italy Serie A,Lazio,Sassuolo,0.5926,0.1685,0.239
French Ligue 1,Nice,Nantes,0.5183,0.192,0.2897
German Bundesliga,TSG Hoffenheim,Hertha Berlin,0.4363,0.3008,0.2629
Spanish Primera Division,Athletic Bilbao,Osasuna,0.6089,0.1542,0.2369
French Ligue 1,Stade Rennes,Metz,0.509,0.2067,0.2843
Barclays Premier League,Southampton,Chelsea,0.2835,0.4507,0.2658
German Bundesliga,FC Cologne,Hamburg SV,0.6314,0.1321,0.2365
Spanish Primera Division,Real Betis,Espanyol,0.4947,0.2427,0.2626
French Ligue 1,Marseille,Bordeaux,0.4375,0.264,0.2986
Italy Serie A,Sampdoria,Internazionale,0.2808,0.4465,0.2727
Spanish Primera Division,Las Palmas,Celta Vigo,0.3976,0.3418,0.2605
Italy Serie A,Udinese,Torino,0.3339,0.3906,0.2755
Spanish Primera Division,Deportivo La Coruña,Valencia,0.3538,0.3766,0.2696
Italy Serie A,Cagliari,Palermo,0.5258,0.2103,0.2639
Barclays Premier League,Stoke City,Swansea City,0.4453,0.2799,0.2749
UEFA Champions League,Besiktas,Napoli,0.1899,0.5915,0.2186
UEFA Champions League,Borussia Monchengladbach,Celtic,0.5629,0.206,0.2311
UEFA Champions League,Manchester City,Barcelona,0.3357,0.4365,0.2278
UEFA Champions League,Basel,Paris Saint-Germain,0.1468,0.6461,0.2072
UEFA Champions League,Benfica,Dynamo Kiev,0.4608,0.2576,0.2815
UEFA Champions League,Ludogorets,Arsenal,0.1849,0.5745,0.2406
UEFA Champions League,Atletico Madrid,Rostov,0.8432,0.0314,0.1254
UEFA Champions League,PSV,Bayern Munich,0.1088,0.7208,0.1704
UEFA Champions League,Legia Warsaw,Real Madrid,0.048,0.855,0.097
UEFA Champions League,Sevilla FC,Dinamo Zagreb,0.7256,0.081,0.1934
UEFA Champions League,AS Monaco,CSKA Moscow,0.6336,0.1327,0.2337
UEFA Champions League,Juventus,Lyon,0.7372,0.0739,0.1888
UEFA Champions League,FC Porto,Club Brugge,0.7422,0.0737,0.1841
UEFA Champions League,Tottenham Hotspur,Bayer Leverkusen,0.5147,0.2162,0.2691
UEFA Champions League,Borussia Dortmund,Sporting CP,0.6665,0.1197,0.2138
UEFA Champions League,FC Copenhagen,Leicester City,0.287,0.4216,0.2913
German Bundesliga,Hertha Berlin,Borussia Monchengladbach,0.4198,0.2861,0.2941
Spanish Primera Division,Málaga,Sporting Gijón,0.539,0.1951,0.2659
French Ligue 1,Montpellier,Marseille,0.4193,0.2871,0.2936
Spanish Primera Division,Granada,Deportivo La Coruña,0.4108,0.2988,0.2904
German Bundesliga,Hamburg SV,Borussia Dortmund,0.1668,0.6238,0.2094
German Bundesliga,Bayern Munich,TSG Hoffenheim,0.9237,0.0138,0.0625
German Bundesliga,FC Ingolstadt 04,FC Augsburg,0.4181,0.2973,0.2846
German Bundesliga,SC Freiburg,VfL Wolfsburg,0.4308,0.3075,0.2617
German Bundesliga,Bayer Leverkusen,SV Darmstadt 98,0.7575,0.0705,0.1719
Barclays Premier League,Burnley,Crystal Palace,0.4177,0.2947,0.2876
Barclays Premier League,West Ham United,Stoke City,0.4635,0.2702,0.2663
Barclays Premier League,Manchester City,Middlesbrough,0.8142,0.0497,0.1361
Barclays Premier League,AFC Bournemouth,Sunderland,0.543,0.2013,0.2558
Spanish Primera Division,Real Sociedad,Atletico Madrid,0.2391,0.4843,0.2765
French Ligue 1,AS Monaco,AS Nancy Lorraine,0.6515,0.1217,0.2268
Italy Serie A,Torino,Cagliari,0.5708,0.1913,0.2379
German Bundesliga,Eintracht Frankfurt,FC Cologne,0.4536,0.2653,0.2811
Barclays Premier League,Chelsea,Everton,0.6702,0.1221,0.2077
Spanish Primera Division,Osasuna,Alavés,0.4585,0.2632,0.2783
French Ligue 1,Lyon,Bastia,0.5899,0.1514,0.2587
French Ligue 1,Dijon FCO,Guingamp,0.4077,0.2918,0.3004
French Ligue 1,Nantes,Toulouse,0.3652,0.3124,0.3224
French Ligue 1,Angers,Lille,0.4193,0.2636,0.3171
French Ligue 1,Bordeaux,Lorient,0.5315,0.1855,0.2829
Italy Serie A,Napoli,Lazio,0.5453,0.206,0.2486
Spanish Primera Division,Las Palmas,Eibar,0.4765,0.2643,0.2592
Spanish Primera Division,Real Madrid,Leganes,0.9128,0.0205,0.0667
Italy Serie A,US Pescara,Empoli,0.4297,0.2538,0.3165
Barclays Premier League,Arsenal,Tottenham Hotspur,0.6239,0.1517,0.2244
Italy Serie A,Palermo,AC Milan,0.2609,0.4486,0.2905
Italy Serie A,Genoa,Udinese,0.4891,0.2332,0.2777
Italy Serie A,Sassuolo,Atalanta,0.4094,0.2994,0.2912
Italy Serie A,Chievo Verona,Juventus,0.1724,0.5378,0.2898
French Ligue 1,Caen,Nice,0.3565,0.3555,0.288
Barclays Premier League,Liverpool,Watford,0.713,0.1086,0.1784
Barclays Premier League,Hull City,Southampton,0.2393,0.4825,0.2783
German Bundesliga,RB Leipzig,Mainz,0.5637,0.1838,0.2525
Barclays Premier League,Swansea City,Manchester United,0.2158,0.5381,0.2462
Spanish Primera Division,Celta Vigo,Valencia,0.443,0.3043,0.2528
Spanish Primera Division,Espanyol,Athletic Bilbao,0.3791,0.3344,0.2864
French Ligue 1,Metz,St Etienne,0.3328,0.3593,0.3079
German Bundesliga,Schalke 04,Werder Bremen,0.5886,0.1847,0.2267
Barclays Premier League,Leicester City,West Bromwich Albion,0.5196,0.2111,0.2693
Italy Serie A,Fiorentina,Sampdoria,0.592,0.1553,0.2527
Italy Serie A,Internazionale,Crotone,0.7152,0.0886,0.1961
Spanish Primera Division,Villarreal,Real Betis,0.5941,0.1607,0.2452
Italy Serie A,AS Roma,Bologna,0.7708,0.0607,0.1685
Spanish Primera Division,Sevilla FC,Barcelona,0.1535,0.6726,0.1739
French Ligue 1,Paris Saint-Germain,Stade Rennes,0.8015,0.0534,0.1451
French Ligue 1,Lorient,AS Monaco,0.1533,0.6285,0.2182
German Bundesliga,Bayer Leverkusen,RB Leipzig,0.4926,0.2397,0.2676
French Ligue 1,Lille,Lyon,0.338,0.3733,0.2886
Spanish Primera Division,Real Betis,Las Palmas,0.4472,0.2915,0.2613
Spanish Primera Division,Deportivo La Coruña,Sevilla FC,0.2668,0.4708,0.2623
Barclays Premier League,Manchester United,Arsenal,0.3734,0.3657,0.2608
Italy Serie A,Chievo Verona,Cagliari,0.4855,0.2283,0.2862
German Bundesliga,Borussia Monchengladbach,FC Cologne,0.4384,0.2729,0.2887
German Bundesliga,Mainz,SC Freiburg,0.4722,0.2736,0.2541
German Bundesliga,SV Darmstadt 98,FC Ingolstadt 04,0.436,0.2884,0.2756
German Bundesliga,FC Augsburg,Hertha Berlin,0.3718,0.3296,0.2986
German Bundesliga,VfL Wolfsburg,Schalke 04,0.4438,0.2877,0.2685
Barclays Premier League,Watford,Leicester City,0.4124,0.3127,0.2749
Barclays Premier League,Crystal Palace,Manchester City,0.0759,0.78,0.1442
Barclays Premier League,Everton,Swansea City,0.5585,0.1937,0.2478
Barclays Premier League,Stoke City,AFC Bournemouth,0.4648,0.2642,0.271
Barclays Premier League,Sunderland,Hull City,0.5026,0.2232,0.2742
Barclays Premier League,Southampton,Liverpool,0.2692,0.485,0.2458
Spanish Primera Division,Barcelona,Málaga,0.9515,0.0086,0.0399
French Ligue 1,Paris Saint-Germain,Nantes,0.8265,0.0431,0.1304
Italy Serie A,Udinese,Napoli,0.2153,0.5337,0.251
Barclays Premier League,Tottenham Hotspur,West Ham United,0.6484,0.1249,0.2267
German Bundesliga,Borussia Dortmund,Bayern Munich,0.2896,0.4657,0.2447
Spanish Primera Division,Eibar,Celta Vigo,0.3884,0.3395,0.2721
French Ligue 1,AS Nancy Lorraine,Dijon FCO,0.4376,0.2641,0.2983
French Ligue 1,Stade Rennes,Angers,0.4193,0.2585,0.3222
